#Mon Apr 27 17:31:00 EEST 2020
AALTO=60.1860885 , 24.8232564
VARKAUS=62.3246584 , 27.8961002
SAARENTAUS=63.289415 , 23.630697
KUUSAMO=65.9645876 , 29.1886651
LEPAA=61.1183912 , 24.3381943
LAMMI=61.07753899999999 , 25.0109835
HANKO=59.83448199999999 , 22.964781
LAHTI=60.98267490000001 , 25.6612096
TAMPEREEN\ YLIOPISTO=61.49410729999999 , 23.7792354
MUSTIALA=60.8183884 , 23.7698104
LOHJA=60.251176 , 24.0674709
IISALMI=63.56942369999999 , 27.1826451
TARVAALA=62.6550757 , 25.3102158
VIERUM\u00C4KI=61.1045811 , 25.9320377
OULAINEN=64.26761560000001 , 24.8159482
KORPILAHTI=62.0209932 , 25.5717816
UTSJOKI=69.9090465 , 27.0285295
TURKU=60.4518126 , 22.2666302
SEIN\u00C4JOKI=62.787735 , 22.8504338
SUOMUSSALMI=64.8841107 , 28.911656
HYVINK\u00C4\u00C4=60.62995249999999 , 24.8580797
KILJAVA=60.5041173 , 24.6896504
RIIHIM\u00C4KI=60.7373073 , 24.7548524
PIETARSAARI=63.6744036 , 22.6966088
ROVANIEMI=66.50394779999999 , 25.7293906
KEMIJ\u00C4RVI=66.7136282 , 27.4292063
JOENSUU=62.6010155 , 29.7635719
SALO=60.3900183 , 23.1171797
H\u00C4MEENLINNA=60.9928787 , 24.4590244
OULUN\ YLIOPISTO=65.0593177 , 25.4662935
KILPISJ\u00C4RVI=69.0442888 , 20.8032994
KORKEAKOSKI=61.7975319 , 24.369829
ESPOO=60.2054911 , 24.6559
EVO=61.1927292 , 25.1081531
YLIVIESKA=64.07234199999999 , 24.5335825
KERAVA=60.4009878 , 25.1020383
HELSINKI=60.16985569999999 , 24.9383791
KONNEVESI=62.6277663 , 26.2938542
LAPPEENRANTA=61.05499289999999 , 28.1896627
KAJAANI=64.2221775 , 27.7278497
HUS=60.18111080000001 , 24.9225742
JYV\u00C4SKYL\u00C4=62.2426034 , 25.7472567
LOIMAA=60.8535334 , 23.0429229
KURU=61.8795325 , 23.7310932
HUITTINEN=61.1760633 , 22.698071
VALKEAKOSKI=61.2711827 , 24.0333266
TOTONVAARA=61.833333 , 29.65
KOKKOLA=63.8415002 , 23.1250337
OULU=65.0120888 , 25.4650772
TORNIO=65.847301 , 24.1520236
VAASA=63.09508899999999 , 21.6164564
MIKKELI=61.68872709999999 , 27.2721457
PIEKS\u00C4M\u00C4KI=62.29499509999999 , 27.13305
VANTAA=60.29335239999999 , 25.0377686
J\u00C4RVENP\u00C4\u00C4=60.4747894 , 25.0971051
SAVONLINNA=61.8679728 , 28.8863843
SOTKAMO=64.1306547 , 28.3904978
RAUMA=61.1308854 , 21.5059263
KANKAANP\u00C4\u00C4=61.8126542 , 22.3751546
VANHA-ULVILA=61.43466689999999 , 21.8968909
PORVOO=60.3931919 , 25.6652739
M\u00C4NTT\u00C4=62.03004039999999 , 24.6231579
KOTKA=60.4665666 , 26.9459403
FORSSA=60.81463189999999 , 23.6339467
NIITTYLAHTI=62.5089009 , 29.8131843
UUSIKAUPUNKI=60.807601 , 21.402722
TAMMISAARI=59.97418510000001 , 23.4375723
KAUNIAINEN=60.2117239 , 24.7288783
KEMI=65.73556789999999 , 24.5657426
KUHMO=64.12874769999999 , 29.520283
PORI=61.4851393 , 21.7974179
TAMPERE=61.4977524 , 23.7609535
HARJAVALTA=61.3137102 , 22.1413063
KUOPIO=62.89796999999999 , 27.6781725
KOUVOLA=60.8678835 , 26.7041602
KELLOKOSKI=60.5305831 , 25.1061473
