Default = 60.169857 , 24.938379
Helsinki = 60.169857 , 24.938379
Tampere = 61.497753 , 23.760954
Oulu = 65.012093 , 25.465076